-20.980501 0.000000 -20.980501
-19.669220 0.268441 -20.980501
-18.357939 1.022050 -20.980501
-17.046656 1.582206 -20.980501
-15.735375 1.729057 -20.980501
-14.424094 1.582206 -20.980501
-13.112813 1.022051 -20.980501
-11.801531 0.000000 -20.980501
-10.490251 0.000000 -20.980501
-9.178969 -0.005320 -20.980501
-7.867688 -0.308842 -20.980501
-6.556406 -0.311343 -20.980501
-5.245125 -0.375398 -20.980501
-3.933844 -1.272585 -20.980501
-2.622563 -0.318978 -20.980501
-1.311281 -2.349492 -20.980501
0.000000 -2.349492 -20.980501
1.311281 -0.490630 -20.980501
2.622563 -0.870817 -20.980501
3.933844 -0.750677 -20.980501
5.245125 -0.227100 -20.980501
6.556406 -0.215724 -20.980501
7.867688 0.000000 -20.980501
9.178969 0.000000 -20.980501
10.490251 0.000000 -20.980501
11.801531 0.000000 -20.980501
13.112813 0.000000 -20.980501
14.424094 0.000000 -20.980501
15.735375 0.000000 -20.980501
17.046656 0.000000 -20.980501
18.357939 0.000000 -20.980501
19.669220 0.000000 -20.980501
20.980501 0.000000 -20.980501
-20.980501 1.022050 -19.669220
-19.669220 1.582205 -19.669220
-18.357939 1.729056 -19.669220
-17.046656 1.990518 -19.669220
-15.735375 2.109128 -19.669220
-14.424094 1.990518 -19.669220
-13.112813 1.582206 -19.669220
-11.801531 0.268445 -19.669220
-10.490251 0.000000 -19.669220
-9.178969 -0.036160 -19.669220
-7.867688 -0.562857 -19.669220
-6.556406 -0.711632 -19.669220
-5.245125 -1.149549 -19.669220
-3.933844 -1.085771 -19.669220
-2.622563 -2.349492 -19.669220
-1.311281 -2.349492 -19.669220
0.000000 -2.349492 -19.669220
1.311281 -1.826766 -19.669220
2.622563 -1.419979 -19.669220
3.933844 -0.664875 -19.669220
5.245125 -0.375504 -19.669220
6.556406 -0.178348 -19.669220
7.867688 0.000000 -19.669220
9.178969 0.000000 -19.669220
10.490251 0.000000 -19.669220
11.801531 0.000000 -19.669220
13.112813 0.000000 -19.669220
14.424094 0.000000 -19.669220
15.735375 0.000000 -19.669220
17.046656 0.000000 -19.669220
18.357939 0.000000 -19.669220
19.669220 0.000000 -19.669220
20.980501 0.000000 -19.669220
-20.980501 1.582205 -18.357939
-19.669220 1.990517 -18.357939
-18.357939 2.109128 -18.357939
-17.046656 2.109128 -18.357939
-15.735375 2.221415 -18.357939
-14.424094 2.109128 -18.357939
-13.112813 1.729057 -18.357939
-11.801531 0.747211 -18.357939
-10.490251 0.000000 -18.357939
-9.178969 -0.104795 -18.357939
-7.867688 -0.192247 -18.357939
-6.556406 -0.610236 -18.357939
-5.245125 -0.095451 -18.357939
-3.933844 -1.076063 -18.357939
-2.622563 -2.349492 -18.357939
-1.311281 -2.349492 -18.357939
0.000000 -2.349492 -18.357939
1.311281 -0.651343 -18.357939
2.622563 -0.119552 -18.357939
3.933844 -0.553905 -18.357939
5.245125 -0.632231 -18.357939
6.556406 -0.158571 -18.357939
7.867688 0.000000 -18.357939
9.178969 0.000000 -18.357939
10.490251 0.000000 -18.357939
11.801531 0.000000 -18.357939
13.112813 0.000000 -18.357939
14.424094 0.000000 -18.357939
15.735375 0.000000 -18.357939
17.046656 0.000000 -18.357939
18.357939 0.000000 -18.357939
19.669220 0.000000 -18.357939
20.980501 0.000000 -18.357939
-20.980501 1.729057 -17.046656
-19.669220 2.109128 -17.046656
-18.357939 2.221415 -17.046656
-17.046656 2.109128 -17.046656
-15.735375 2.109128 -17.046656
-14.424094 1.990517 -17.046656
-13.112813 1.582205 -17.046656
-11.801531 0.268443 -17.046656
-10.490251 -0.011029 -17.046656
-9.178969 -0.028600 -17.046656
-7.867688 -0.642132 -17.046656
-6.556406 -0.849726 -17.046656
-5.245125 -0.934177 -17.046656
-3.933844 -0.392379 -17.046656
-2.622563 -2.349492 -17.046656
-1.311281 -2.349492 -17.046656
0.000000 -2.349492 -17.046656
1.311281 -1.502540 -17.046656
2.622563 -0.871665 -17.046656
3.933844 -1.069906 -17.046656
5.245125 -0.270170 -17.046656
6.556406 -0.243839 -17.046656
7.867688 0.000000 -17.046656
9.178969 0.000000 -17.046656
10.490251 0.000000 -17.046656
11.801531 0.000000 -17.046656
13.112813 0.000000 -17.046656
14.424094 0.000000 -17.046656
15.735375 0.000000 -17.046656
17.046656 0.000000 -17.046656
18.357939 0.000000 -17.046656
19.669220 0.000000 -17.046656
20.980501 0.000000 -17.046656
-20.980501 1.582206 -15.735375
-19.669220 1.990518 -15.735375
-18.357939 2.109128 -15.735375
-17.046656 1.990517 -15.735375
-15.735375 1.729056 -15.735375
-14.424094 1.582205 -15.735375
-13.112813 1.022050 -15.735375
-11.801531 0.000000 -15.735375
-10.490251 -0.102355 -15.735375
-9.178969 -0.503747 -15.735375
-7.867688 -0.243056 -15.735375
-6.556406 -1.279691 -15.735375
-5.245125 -1.144555 -15.735375
-3.933844 -0.614441 -15.735375
-2.622563 -2.349492 -15.735375
-1.311281 -2.349492 -15.735375
0.000000 -2.349492 -15.735375
1.311281 -1.460948 -15.735375
2.622563 -0.108812 -15.735375
3.933844 -0.503334 -15.735375
5.245125 -0.220587 -15.735375
6.556406 -0.144885 -15.735375
7.867688 0.000000 -15.735375
9.178969 0.000000 -15.735375
10.490251 0.000000 -15.735375
11.801531 0.000000 -15.735375
13.112813 0.000000 -15.735375
14.424094 0.250601 -15.735375
15.735375 0.697543 -15.735375
17.046656 0.250601 -15.735375
18.357939 0.000000 -15.735375
19.669220 0.000000 -15.735375
20.980501 0.000000 -15.735375
-20.980501 1.022051 -14.424094
-19.669220 1.582206 -14.424094
-18.357939 1.729057 -14.424094
-17.046656 1.582205 -14.424094
-15.735375 1.022050 -14.424094
-14.424094 0.268445 -14.424094
-13.112813 0.000000 -14.424094
-11.801531 -0.072332 -14.424094
-10.490251 -0.309811 -14.424094
-9.178969 -0.457661 -14.424094
-7.867688 -0.352777 -14.424094
-6.556406 -0.809353 -14.424094
-5.245125 -1.330329 -14.424094
-3.933844 -2.349492 -14.424094
-2.622563 -2.349492 -14.424094
-1.311281 -2.349492 -14.424094
0.000000 -2.349492 -14.424094
1.311281 -1.845151 -14.424094
2.622563 -0.245654 -14.424094
3.933844 -0.465685 -14.424094
5.245125 -0.470994 -14.424094
6.556406 -0.212807 -14.424094
7.867688 0.000000 -14.424094
9.178969 0.000000 -14.424094
10.490251 0.000000 -14.424094
11.801531 0.000000 -14.424094
13.112813 0.954114 -14.424094
14.424094 1.477034 -14.424094
15.735375 1.614123 -14.424094
17.046656 1.477034 -14.424094
18.357939 0.954112 -14.424094
19.669220 0.000000 -14.424094
20.980501 0.000000 -14.424094
-20.980501 1.582205 -13.112813
-19.669220 1.729056 -13.112813
-18.357939 1.582205 -13.112813
-17.046656 1.582205 -13.112813
-15.735375 1.729056 -13.112813
-14.424094 1.582205 -13.112813
-13.112813 1.022051 -13.112813
-11.801531 -0.173395 -13.112813
-10.490251 -0.363179 -13.112813
-9.178969 -1.003792 -13.112813
-7.867688 -1.324654 -13.112813
-6.556406 -1.713377 -13.112813
-5.245125 -0.253127 -13.112813
-3.933844 -2.349492 -13.112813
-2.622563 -2.349492 -13.112813
-1.311281 -2.349492 -13.112813
0.000000 -2.349492 -13.112813
1.311281 -0.261020 -13.112813
2.622563 -1.489816 -13.112813
3.933844 -0.136985 -13.112813
5.245125 -0.460652 -13.112813
6.556406 -0.194157 -13.112813
7.867688 0.000000 -13.112813
9.178969 0.000000 -13.112813
10.490251 0.000000 -13.112813
11.801531 0.250601 -13.112813
13.112813 1.477034 -13.112813
14.424094 1.858205 -13.112813
15.735375 1.968932 -13.112813
17.046656 1.858205 -13.112813
18.357939 1.477033 -13.112813
19.669220 0.250597 -13.112813
20.980501 0.000000 -13.112813
-20.980501 1.990518 -11.801531
-19.669220 2.109128 -11.801531
-18.357939 1.990518 -11.801531
-17.046656 1.990518 -11.801531
-15.735375 2.109128 -11.801531
-14.424094 1.990518 -11.801531
-13.112813 1.582206 -11.801531
-11.801531 0.182610 -11.801531
-10.490251 -0.625472 -11.801531
-9.178969 -0.983120 -11.801531
-7.867688 -0.041222 -11.801531
-6.556406 -1.549676 -11.801531
-5.245125 -2.349492 -11.801531
-3.933844 -2.349492 -11.801531
-2.622563 -2.349492 -11.801531
-1.311281 -2.349492 -11.801531
0.000000 -2.349492 -11.801531
1.311281 -1.358407 -11.801531
2.622563 -1.091666 -11.801531
3.933844 -0.797673 -11.801531
5.245125 -0.673910 -11.801531
6.556406 -0.157704 -11.801531
7.867688 0.000000 -11.801531
9.178969 0.000000 -11.801531
10.490251 0.000000 -11.801531
11.801531 0.697543 -11.801531
13.112813 1.614124 -11.801531
14.424094 1.968932 -11.801531
15.735375 2.073754 -11.801531
17.046656 1.968932 -11.801531
18.357939 1.614123 -11.801531
19.669220 0.697542 -11.801531
20.980501 0.000000 -11.801531
-20.980501 2.109128 -10.490251
-19.669220 2.221415 -10.490251
-18.357939 2.109128 -10.490251
-17.046656 2.109128 -10.490251
-15.735375 2.221415 -10.490251
-14.424094 2.109128 -10.490251
-13.112813 1.729057 -10.490251
-11.801531 0.654210 -10.490251
-10.490251 -0.280105 -10.490251
-9.178969 -0.827922 -10.490251
-7.867688 -0.508681 -10.490251
-6.556406 -1.719787 -10.490251
-5.245125 -2.349492 -10.490251
-3.933844 -2.349492 -10.490251
-2.622563 -2.349492 -10.490251
-1.311281 -2.349492 -10.490251
0.000000 -2.349492 -10.490251
1.311281 -0.127022 -10.490251
2.622563 -0.586004 -10.490251
3.933844 -0.187538 -10.490251
5.245125 -0.426713 -10.490251
6.556406 -0.030598 -10.490251
7.867688 0.000000 -10.490251
9.178969 0.000000 -10.490251
10.490251 0.000000 -10.490251
11.801531 0.250601 -10.490251
13.112813 1.477034 -10.490251
14.424094 1.858205 -10.490251
15.735375 1.968932 -10.490251
17.046656 1.858205 -10.490251
18.357939 1.477033 -10.490251
19.669220 0.250597 -10.490251
20.980501 0.000000 -10.490251
-20.980501 1.990518 -9.178969
-19.669220 2.109128 -9.178969
-18.357939 1.990518 -9.178969
-17.046656 1.990518 -9.178969
-15.735375 2.109128 -9.178969
-14.424094 1.990518 -9.178969
-13.112813 1.582206 -9.178969
-11.801531 0.066724 -9.178969
-10.490251 -0.235876 -9.178969
-9.178969 -0.992735 -9.178969
-7.867688 -1.501800 -9.178969
-6.556406 -1.088216 -9.178969
-5.245125 -2.349492 -9.178969
-3.933844 -2.349492 -9.178969
-2.622563 -2.349492 -9.178969
-1.311281 -2.349492 -9.178969
0.000000 -1.113261 -9.178969
1.311281 -0.123966 -9.178969
2.622563 -0.646243 -9.178969
3.933844 -0.035166 -9.178969
5.245125 -0.270364 -9.178969
6.556406 -0.131859 -9.178969
7.867688 0.000000 -9.178969
9.178969 0.000000 -9.178969
10.490251 0.000000 -9.178969
11.801531 0.000000 -9.178969
13.112813 0.954114 -9.178969
14.424094 1.477034 -9.178969
15.735375 1.614124 -9.178969
17.046656 1.477034 -9.178969
18.357939 0.954113 -9.178969
19.669220 0.000000 -9.178969
20.980501 0.000000 -9.178969
-20.980501 1.582205 -7.867688
-19.669220 1.729056 -7.867688
-18.357939 1.729056 -7.867688
-17.046656 1.582205 -7.867688
-15.735375 1.729056 -7.867688
-14.424094 1.582205 -7.867688
-13.112813 1.022051 -7.867688
-11.801531 -0.181283 -7.867688
-10.490251 -0.424177 -7.867688
-9.178969 -0.673496 -7.867688
-7.867688 -1.110018 -7.867688
-6.556406 -0.875779 -7.867688
-5.245125 -2.349492 -7.867688
-3.933844 -2.349492 -7.867688
-2.622563 -2.349492 -7.867688
-1.311281 -2.349492 -7.867688
0.000000 -0.352795 -7.867688
1.311281 -1.389141 -7.867688
2.622563 -0.778055 -7.867688
3.933844 -0.127174 -7.867688
5.245125 -0.421056 -7.867688
6.556406 -0.014726 -7.867688
7.867688 0.000000 -7.867688
9.178969 0.000000 -7.867688
10.490251 0.000000 -7.867688
11.801531 0.000000 -7.867688
13.112813 0.000000 -7.867688
14.424094 0.250601 -7.867688
15.735375 0.697543 -7.867688
17.046656 0.250601 -7.867688
18.357939 0.000000 -7.867688
19.669220 0.000000 -7.867688
20.980501 0.000000 -7.867688
-20.980501 1.582206 -6.556406
-19.669220 1.990518 -6.556406
-18.357939 2.109128 -6.556406
-17.046656 1.990517 -6.556406
-15.735375 1.582205 -6.556406
-14.424094 0.268445 -6.556406
-13.112813 0.000000 -6.556406
-11.801531 -0.143975 -6.556406
-10.490251 -0.215098 -6.556406
-9.178969 -0.661101 -6.556406
-7.867688 -1.019660 -6.556406
-6.556406 -0.110005 -6.556406
-5.245125 -2.349492 -6.556406
-3.933844 -2.349492 -6.556406
-2.622563 -2.349492 -6.556406
-1.311281 -2.349492 -6.556406
0.000000 -0.568479 -6.556406
1.311281 -0.812491 -6.556406
2.622563 -0.959185 -6.556406
3.933844 -0.637776 -6.556406
5.245125 -0.090249 -6.556406
6.556406 0.000000 -6.556406
7.867688 0.000000 -6.556406
9.178969 0.000000 -6.556406
10.490251 0.000000 -6.556406
11.801531 0.000000 -6.556406
13.112813 0.000000 -6.556406
14.424094 0.000000 -6.556406
15.735375 0.000000 -6.556406
17.046656 0.000000 -6.556406
18.357939 0.000000 -6.556406
19.669220 0.000000 -6.556406
20.980501 0.000000 -6.556406
-20.980501 1.729057 -5.245125
-19.669220 2.109128 -5.245125
-18.357939 2.221415 -5.245125
-17.046656 2.109128 -5.245125
-15.735375 1.729056 -5.245125
-14.424094 0.747210 -5.245125
-13.112813 -0.067891 -5.245125
-11.801531 -0.191331 -5.245125
-10.490251 -0.165805 -5.245125
-9.178969 -0.764540 -5.245125
-7.867688 -1.389999 -5.245125
-6.556406 -0.478914 -5.245125
-5.245125 -2.349492 -5.245125
-3.933844 -2.349492 -5.245125
-2.622563 -2.349492 -5.245125
-1.311281 -1.029731 -5.245125
0.000000 -0.669872 -5.245125
1.311281 -0.776099 -5.245125
2.622563 -0.913118 -5.245125
3.933844 -0.606296 -5.245125
5.245125 -0.083608 -5.245125
6.556406 0.000000 -5.245125
7.867688 0.000000 -5.245125
9.178969 0.000000 -5.245125
10.490251 0.000000 -5.245125
11.801531 0.000000 -5.245125
13.112813 0.000000 -5.245125
14.424094 0.000000 -5.245125
15.735375 0.000000 -5.245125
17.046656 0.000000 -5.245125
18.357939 0.000000 -5.245125
19.669220 0.000000 -5.245125
20.980501 0.000000 -5.245125
-20.980501 1.582206 -3.933844
-19.669220 1.990518 -3.933844
-18.357939 2.109128 -3.933844
-17.046656 1.990517 -3.933844
-15.735375 1.582205 -3.933844
-14.424094 0.268441 -3.933844
-13.112813 -0.220706 -3.933844
-11.801531 -0.148166 -3.933844
-10.490251 -0.295762 -3.933844
-9.178969 -0.090154 -3.933844
-7.867688 -0.142696 -3.933844
-6.556406 -0.190421 -3.933844
-5.245125 -2.349492 -3.933844
-3.933844 -2.349492 -3.933844
-2.622563 -2.349492 -3.933844
-1.311281 -0.073336 -3.933844
0.000000 -0.682873 -3.933844
1.311281 -0.430035 -3.933844
2.622563 -0.296472 -3.933844
3.933844 -0.435006 -3.933844
5.245125 -0.037916 -3.933844
6.556406 0.000000 -3.933844
7.867688 0.250601 -3.933844
9.178969 0.697543 -3.933844
10.490251 0.250601 -3.933844
11.801531 0.000000 -3.933844
13.112813 0.000000 -3.933844
14.424094 0.000000 -3.933844
15.735375 0.000000 -3.933844
17.046656 0.250599 -3.933844
18.357939 0.697543 -3.933844
19.669220 0.250601 -3.933844
20.980501 0.000000 -3.933844
-20.980501 1.022051 -2.622563
-19.669220 1.582205 -2.622563
-18.357939 1.729056 -2.622563
-17.046656 1.582205 -2.622563
-15.735375 1.022049 -2.622563
-14.424094 0.000000 -2.622563
-13.112813 -0.223357 -2.622563
-11.801531 -0.034607 -2.622563
-10.490251 -0.855853 -2.622563
-9.178969 -1.396627 -2.622563
-7.867688 -0.736121 -2.622563
-6.556406 -2.349492 -2.622563
-5.245125 -2.349492 -2.622563
-3.933844 -2.349492 -2.622563
-2.622563 -2.349492 -2.622563
-1.311281 -0.312236 -2.622563
0.000000 -1.330353 -2.622563
1.311281 -0.953771 -2.622563
2.622563 -0.471949 -2.622563
3.933844 -0.057454 -2.622563
5.245125 0.000000 -2.622563
6.556406 0.954113 -2.622563
7.867688 1.477034 -2.622563
9.178969 1.614123 -2.622563
10.490251 1.477034 -2.622563
11.801531 0.954114 -2.622563
13.112813 0.000000 -2.622563
14.424094 0.000000 -2.622563
15.735375 0.954112 -2.622563
17.046656 1.477033 -2.622563
18.357939 1.614123 -2.622563
19.669220 1.477034 -2.622563
20.980501 0.954114 -2.622563
-20.980501 0.000000 -1.311281
-19.669220 0.268445 -1.311281
-18.357939 0.747211 -1.311281
-17.046656 0.268443 -1.311281
-15.735375 0.000000 -1.311281
-14.424094 -0.100677 -1.311281
-13.112813 -0.316464 -1.311281
-11.801531 -0.203769 -1.311281
-10.490251 -0.896131 -1.311281
-9.178969 -0.470964 -1.311281
-7.867688 -0.515614 -1.311281
-6.556406 -2.349492 -1.311281
-5.245125 -2.349492 -1.311281
-3.933844 -2.349492 -1.311281
-2.622563 -1.295943 -1.311281
-1.311281 -1.488857 -1.311281
0.000000 -0.278357 -1.311281
1.311281 -0.841454 -1.311281
2.622563 -0.119115 -1.311281
3.933844 -0.101190 -1.311281
5.245125 0.250599 -1.311281
6.556406 1.477034 -1.311281
7.867688 1.858205 -1.311281
9.178969 1.968932 -1.311281
10.490251 1.858205 -1.311281
11.801531 1.477034 -1.311281
13.112813 0.250601 -1.311281
14.424094 0.250597 -1.311281
15.735375 1.477033 -1.311281
17.046656 1.858204 -1.311281
18.357939 1.968932 -1.311281
19.669220 1.858205 -1.311281
20.980501 1.477034 -1.311281
-20.980501 0.000000 0.000000
-19.669220 0.000000 0.000000
-18.357939 0.000000 0.000000
-17.046656 0.000000 0.000000
-15.735375 0.000000 0.000000
-14.424094 -0.187218 0.000000
-13.112813 -0.389129 0.000000
-11.801531 -0.888942 0.000000
-10.490251 -0.877392 0.000000
-9.178969 -0.256216 0.000000
-7.867688 -1.117649 0.000000
-6.556406 -2.349492 0.000000
-5.245125 -2.349492 0.000000
-3.933844 -2.349492 0.000000
-2.622563 -0.002214 0.000000
-1.311281 -0.349426 0.000000
0.000000 -0.174969 0.000000
1.311281 -0.460647 0.000000
2.622563 -0.471718 0.000000
3.933844 -0.093833 0.000000
5.245125 0.697542 0.000000
6.556406 1.614123 0.000000
7.867688 1.968932 0.000000
9.178969 2.073754 0.000000
10.490251 1.968932 0.000000
11.801531 1.614124 0.000000
13.112813 0.697543 0.000000
14.424094 0.697542 0.000000
15.735375 1.614123 0.000000
17.046656 1.968931 0.000000
18.357939 2.073754 0.000000
19.669220 1.968932 0.000000
20.980501 1.614124 0.000000
-20.980501 0.000000 1.311281
-19.669220 0.000000 1.311281
-18.357939 0.000000 1.311281
-17.046656 0.000000 1.311281
-15.735375 0.000000 1.311281
-14.424094 -0.157205 1.311281
-13.112813 -0.133926 1.311281
-11.801531 -0.466744 1.311281
-10.490251 -0.022099 1.311281
-9.178969 -0.279584 1.311281
-7.867688 -2.349492 1.311281
-6.556406 -2.349492 1.311281
-5.245125 -2.349492 1.311281
-3.933844 -2.349492 1.311281
-2.622563 -0.051223 1.311281
-1.311281 -0.080068 1.311281
0.000000 -1.072139 1.311281
1.311281 -0.276114 1.311281
2.622563 -0.142919 1.311281
3.933844 0.000000 1.311281
5.245125 0.250599 1.311281
6.556406 1.477034 1.311281
7.867688 1.858205 1.311281
9.178969 1.968932 1.311281
10.490251 1.858205 1.311281
11.801531 1.477034 1.311281
13.112813 0.250601 1.311281
14.424094 0.250597 1.311281
15.735375 1.477033 1.311281
17.046656 1.858204 1.311281
18.357939 1.968932 1.311281
19.669220 1.858205 1.311281
20.980501 1.477034 1.311281
-20.980501 0.000000 2.622563
-19.669220 0.000000 2.622563
-18.357939 0.000000 2.622563
-17.046656 0.000000 2.622563
-15.735375 0.000000 2.622563
-14.424094 -0.099974 2.622563
-13.112813 -0.592448 2.622563
-11.801531 -0.407064 2.622563
-10.490251 -0.073551 2.622563
-9.178969 -1.200797 2.622563
-7.867688 -2.349492 2.622563
-6.556406 -2.349492 2.622563
-5.245125 -2.349492 2.622563
-3.933844 -2.349492 2.622563
-2.622563 -1.135867 2.622563
-1.311281 -1.290734 2.622563
0.000000 -0.207899 2.622563
1.311281 -0.469882 2.622563
2.622563 -0.004718 2.622563
3.933844 0.000000 2.622563
5.245125 0.000000 2.622563
6.556406 0.954113 2.622563
7.867688 1.477034 2.622563
9.178969 1.614123 2.622563
10.490251 1.477034 2.622563
11.801531 0.954114 2.622563
13.112813 0.000000 2.622563
14.424094 0.000000 2.622563
15.735375 0.954112 2.622563
17.046656 1.477033 2.622563
18.357939 1.614123 2.622563
19.669220 1.477034 2.622563
20.980501 0.954114 2.622563
-20.980501 0.000000 3.933844
-19.669220 0.000000 3.933844
-18.357939 0.000000 3.933844
-17.046656 0.000000 3.933844
-15.735375 0.000000 3.933844
-14.424094 -0.171195 3.933844
-13.112813 -0.325020 3.933844
-11.801531 -0.711252 3.933844
-10.490251 -0.034901 3.933844
-9.178969 -0.579826 3.933844
-7.867688 -2.349492 3.933844
-6.556406 -2.349492 3.933844
-5.245125 -2.349492 3.933844
-3.933844 -2.349492 3.933844
-2.622563 -1.085924 3.933844
-1.311281 -1.427938 3.933844
0.000000 -0.516401 3.933844
1.311281 -0.371785 3.933844
2.622563 -0.155901 3.933844
3.933844 0.000000 3.933844
5.245125 0.000000 3.933844
6.556406 0.000000 3.933844
7.867688 0.250601 3.933844
9.178969 0.697543 3.933844
10.490251 0.250601 3.933844
11.801531 0.000000 3.933844
13.112813 0.000000 3.933844
14.424094 0.000000 3.933844
15.735375 0.000000 3.933844
17.046656 0.250599 3.933844
18.357939 0.697543 3.933844
19.669220 0.250601 3.933844
20.980501 0.000000 3.933844
-20.980501 0.000000 5.245125
-19.669220 0.000000 5.245125
-18.357939 0.000000 5.245125
-17.046656 0.000000 5.245125
-15.735375 0.000000 5.245125
-14.424094 -0.061556 5.245125
-13.112813 -0.084927 5.245125
-11.801531 -0.753032 5.245125
-10.490251 -0.394356 5.245125
-9.178969 -0.348373 5.245125
-7.867688 -2.349492 5.245125
-6.556406 -2.349492 5.245125
-5.245125 -2.349492 5.245125
-3.933844 -2.349492 5.245125
-2.622563 -1.341011 5.245125
-1.311281 -0.474148 5.245125
0.000000 -0.649408 5.245125
1.311281 -0.607203 5.245125
2.622563 -0.089657 5.245125
3.933844 0.000000 5.245125
5.245125 0.000000 5.245125
6.556406 0.000000 5.245125
7.867688 0.000000 5.245125
9.178969 0.000000 5.245125
10.490251 0.000000 5.245125
11.801531 0.000000 5.245125
13.112813 0.000000 5.245125
14.424094 0.000000 5.245125
15.735375 0.250599 5.245125
17.046656 0.697542 5.245125
18.357939 0.250597 5.245125
19.669220 0.000000 5.245125
20.980501 0.000000 5.245125
-20.980501 0.000000 6.556406
-19.669220 0.000000 6.556406
-18.357939 0.000000 6.556406
-17.046656 0.000000 6.556406
-15.735375 0.000000 6.556406
-14.424094 -0.095417 6.556406
-13.112813 -0.587674 6.556406
-11.801531 -0.663271 6.556406
-10.490251 -0.531055 6.556406
-9.178969 -1.319710 6.556406
-7.867688 -0.137844 6.556406
-6.556406 -2.349492 6.556406
-5.245125 -2.349492 6.556406
-3.933844 -2.349492 6.556406
-2.622563 -0.911194 6.556406
-1.311281 -0.435388 6.556406
0.000000 -0.257687 6.556406
1.311281 -0.619746 6.556406
2.622563 -0.176543 6.556406
3.933844 0.000000 6.556406
5.245125 0.000000 6.556406
6.556406 0.000000 6.556406
7.867688 0.000000 6.556406
9.178969 0.000000 6.556406
10.490251 0.000000 6.556406
11.801531 0.250601 6.556406
13.112813 0.697543 6.556406
14.424094 0.954114 6.556406
15.735375 1.477034 6.556406
17.046656 1.614123 6.556406
18.357939 1.477033 6.556406
19.669220 0.954112 6.556406
20.980501 0.000000 6.556406
-20.980501 0.000000 7.867688
-19.669220 0.000000 7.867688
-18.357939 0.000000 7.867688
-17.046656 0.000000 7.867688
-15.735375 -0.061966 7.867688
-14.424094 -0.009399 7.867688
-13.112813 -0.104829 7.867688
-11.801531 -0.250921 7.867688
-10.490251 -0.720360 7.867688
-9.178969 -0.585327 7.867688
-7.867688 -1.312170 7.867688
-6.556406 -2.349492 7.867688
-5.245125 -2.349492 7.867688
-3.933844 -2.349492 7.867688
-2.622563 -1.588166 7.867688
-1.311281 -0.383442 7.867688
0.000000 -0.071890 7.867688
1.311281 -0.033598 7.867688
2.622563 -0.035875 7.867688
3.933844 0.000000 7.867688
5.245125 0.000000 7.867688
6.556406 0.000000 7.867688
7.867688 0.000000 7.867688
9.178969 0.000000 7.867688
10.490251 0.954113 7.867688
11.801531 1.477033 7.867688
13.112813 1.614123 7.867688
14.424094 1.477034 7.867688
15.735375 1.858205 7.867688
17.046656 1.968932 7.867688
18.357939 1.858204 7.867688
19.669220 1.477033 7.867688
20.980501 0.250597 7.867688
-20.980501 0.000000 9.178969
-19.669220 0.000000 9.178969
-18.357939 0.000000 9.178969
-17.046656 0.000000 9.178969
-15.735375 -0.134559 9.178969
-14.424094 -0.213671 9.178969
-13.112813 -0.988970 9.178969
-11.801531 -0.546827 9.178969
-10.490251 -1.742381 9.178969
-9.178969 -1.804621 9.178969
-7.867688 -2.349492 9.178969
-6.556406 -2.349492 9.178969
-5.245125 -2.349492 9.178969
-3.933844 -2.349492 9.178969
-2.622563 -0.818885 9.178969
-1.311281 -0.435047 9.178969
0.000000 -0.937672 9.178969
1.311281 -0.440161 9.178969
2.622563 -0.160447 9.178969
3.933844 0.000000 9.178969
5.245125 0.000000 9.178969
6.556406 0.000000 9.178969
7.867688 0.000000 9.178969
9.178969 0.250601 9.178969
10.490251 1.477034 9.178969
11.801531 1.858205 9.178969
13.112813 1.968932 9.178969
14.424094 1.858205 9.178969
15.735375 1.968932 9.178969
17.046656 2.073754 9.178969
18.357939 1.968931 9.178969
19.669220 1.614123 9.178969
20.980501 0.697542 9.178969
-20.980501 0.586528 10.490251
-19.669220 0.210717 10.490251
-18.357939 0.000000 10.490251
-17.046656 -0.071348 10.490251
-15.735375 -0.265349 10.490251
-14.424094 -0.285552 10.490251
-13.112813 -1.011424 10.490251
-11.801531 -1.237703 10.490251
-10.490251 -1.365721 10.490251
-9.178969 -2.349492 10.490251
-7.867688 -2.349492 10.490251
-6.556406 -2.349492 10.490251
-5.245125 -2.349492 10.490251
-3.933844 -2.349492 10.490251
-2.622563 -1.025710 10.490251
-1.311281 -0.312017 10.490251
0.000000 -0.726899 10.490251
1.311281 -0.371227 10.490251
2.622563 -0.133868 10.490251
3.933844 0.000000 10.490251
5.245125 0.000000 10.490251
6.556406 0.000000 10.490251
7.867688 0.000000 10.490251
9.178969 0.697543 10.490251
10.490251 1.614123 10.490251
11.801531 1.968932 10.490251
13.112813 2.073754 10.490251
14.424094 1.968932 10.490251
15.735375 1.968932 10.490251
17.046656 1.968932 10.490251
18.357939 1.858205 10.490251
19.669220 1.477033 10.490251
20.980501 0.250597 10.490251
-20.980501 1.357233 11.801531
-19.669220 1.241961 11.801531
-18.357939 0.802265 11.801531
-17.046656 -0.027588 11.801531
-15.735375 -0.373445 11.801531
-14.424094 -0.516616 11.801531
-13.112813 -0.164212 11.801531
-11.801531 -0.591375 11.801531
-10.490251 -0.369111 11.801531
-9.178969 -2.349492 11.801531
-7.867688 -2.349492 11.801531
-6.556406 -2.349492 11.801531
-5.245125 -2.349492 11.801531
-3.933844 -2.349492 11.801531
-2.622563 -0.610244 11.801531
-1.311281 -0.777271 11.801531
0.000000 -0.206093 11.801531
1.311281 -0.270328 11.801531
2.622563 -0.130238 11.801531
3.933844 0.000000 11.801531
5.245125 0.000000 11.801531
6.556406 0.000000 11.801531
7.867688 0.954113 11.801531
9.178969 1.477034 11.801531
10.490251 1.614123 11.801531
11.801531 1.858205 11.801531
13.112813 1.968932 11.801531
14.424094 1.968932 11.801531
15.735375 2.073754 11.801531
17.046656 1.968932 11.801531
18.357939 1.614123 11.801531
19.669220 0.954113 11.801531
20.980501 0.000000 11.801531
-20.980501 1.655573 13.112813
-19.669220 1.562469 13.112813
-18.357939 1.241962 13.112813
-17.046656 0.164622 13.112813
-15.735375 -0.305665 13.112813
-14.424094 -0.764798 13.112813
-13.112813 -0.725094 13.112813
-11.801531 -0.378978 13.112813
-10.490251 -2.349492 13.112813
-9.178969 -2.349492 13.112813
-7.867688 -2.349492 13.112813
-6.556406 -2.349492 13.112813
-5.245125 -2.349492 13.112813
-3.933844 -0.651134 13.112813
-2.622563 -0.922076 13.112813
-1.311281 -0.988349 13.112813
0.000000 -1.019697 13.112813
1.311281 -0.482998 13.112813
2.622563 -0.056363 13.112813
3.933844 0.000000 13.112813
5.245125 0.000000 13.112813
6.556406 0.250601 13.112813
7.867688 1.477034 13.112813
9.178969 1.858205 13.112813
10.490251 1.968932 13.112813
11.801531 1.858205 13.112813
13.112813 1.614123 13.112813
14.424094 1.858205 13.112813
15.735375 1.968932 13.112813
17.046656 1.858205 13.112813
18.357939 1.477033 13.112813
19.669220 0.250597 13.112813
20.980501 0.000000 13.112813
-20.980501 1.743713 14.424094
-19.669220 1.655573 14.424094
-18.357939 1.357233 14.424094
-17.046656 0.375688 14.424094
-15.735375 -0.408819 14.424094
-14.424094 -0.557823 14.424094
-13.112813 -0.918683 14.424094
-11.801531 -1.702821 14.424094
-10.490251 -2.349492 14.424094
-9.178969 -2.349492 14.424094
-7.867688 -2.349492 14.424094
-6.556406 -2.349492 14.424094
-5.245125 -0.910907 14.424094
-3.933844 -0.097870 14.424094
-2.622563 -0.552497 14.424094
-1.311281 -0.748017 14.424094
0.000000 -0.267226 14.424094
1.311281 -0.336555 14.424094
2.622563 -0.032146 14.424094
3.933844 0.000000 14.424094
5.245125 0.000000 14.424094
6.556406 0.697543 14.424094
7.867688 1.614123 14.424094
9.178969 1.968932 14.424094
10.490251 2.073754 14.424094
11.801531 1.968932 14.424094
13.112813 1.614123 14.424094
14.424094 1.477034 14.424094
15.735375 1.614123 14.424094
17.046656 1.477034 14.424094
18.357939 0.954112 14.424094
19.669220 0.000000 14.424094
20.980501 0.000000 14.424094
-20.980501 1.655573 15.735375
-19.669220 1.562469 15.735375
-18.357939 1.241962 15.735375
-17.046656 0.125394 15.735375
-15.735375 -0.607834 15.735375
-14.424094 -0.059889 15.735375
-13.112813 -0.657276 15.735375
-11.801531 -1.095533 15.735375
-10.490251 -2.349492 15.735375
-9.178969 -2.349492 15.735375
-7.867688 -2.349492 15.735375
-6.556406 -2.349492 15.735375
-5.245125 -2.349492 15.735375
-3.933844 -0.722488 15.735375
-2.622563 -0.147377 15.735375
-1.311281 -0.165208 15.735375
0.000000 -0.503050 15.735375
1.311281 -0.250798 15.735375
2.622563 -0.002408 15.735375
3.933844 0.000000 15.735375
5.245125 0.000000 15.735375
6.556406 0.250601 15.735375
7.867688 1.477034 15.735375
9.178969 1.858205 15.735375
10.490251 1.968932 15.735375
11.801531 1.858205 15.735375
13.112813 1.477034 15.735375
14.424094 0.250601 15.735375
15.735375 0.697543 15.735375
17.046656 0.250601 15.735375
18.357939 0.000000 15.735375
19.669220 0.000000 15.735375
20.980501 0.000000 15.735375
-20.980501 1.357233 17.046656
-19.669220 1.241962 17.046656
-18.357939 0.802265 17.046656
-17.046656 -0.140564 17.046656
-15.735375 -0.683493 17.046656
-14.424094 -0.410792 17.046656
-13.112813 -0.405553 17.046656
-11.801531 -1.732960 17.046656
-10.490251 -2.349492 17.046656
-9.178969 -2.349492 17.046656
-7.867688 -2.349492 17.046656
-6.556406 -2.349492 17.046656
-5.245125 -2.349492 17.046656
-3.933844 -1.870162 17.046656
-2.622563 -0.420355 17.046656
-1.311281 -0.972703 17.046656
0.000000 -0.313664 17.046656
1.311281 -0.130130 17.046656
2.622563 -0.198266 17.046656
3.933844 -0.081667 17.046656
5.245125 0.000000 17.046656
6.556406 0.000000 17.046656
7.867688 0.954114 17.046656
9.178969 1.477034 17.046656
10.490251 1.614124 17.046656
11.801531 1.477034 17.046656
13.112813 0.954114 17.046656
14.424094 0.000000 17.046656
15.735375 0.000000 17.046656
17.046656 0.000000 17.046656
18.357939 0.000000 17.046656
19.669220 0.000000 17.046656
20.980501 0.000000 17.046656
-20.980501 0.586527 18.357939
-19.669220 0.210714 18.357939
-18.357939 0.000000 18.357939
-17.046656 -0.047850 18.357939
-15.735375 -0.174597 18.357939
-14.424094 -0.493662 18.357939
-13.112813 -0.244750 18.357939
-11.801531 -1.416109 18.357939
-10.490251 -1.830029 18.357939
-9.178969 -2.349492 18.357939
-7.867688 -2.349492 18.357939
-6.556406 -2.349492 18.357939
-5.245125 -2.349492 18.357939
-3.933844 -2.349492 18.357939
-2.622563 -1.543151 18.357939
-1.311281 -0.550679 18.357939
0.000000 -0.347227 18.357939
1.311281 -0.173124 18.357939
2.622563 -0.311669 18.357939
3.933844 -0.187557 18.357939
5.245125 0.000000 18.357939
6.556406 0.000000 18.357939
7.867688 0.000000 18.357939
9.178969 0.250597 18.357939
10.490251 0.697542 18.357939
11.801531 0.250597 18.357939
13.112813 0.000000 18.357939
14.424094 0.000000 18.357939
15.735375 0.000000 18.357939
17.046656 0.000000 18.357939
18.357939 0.000000 18.357939
19.669220 0.000000 18.357939
20.980501 0.000000 18.357939
-20.980501 0.000000 19.669220
-19.669220 0.000000 19.669220
-18.357939 0.000000 19.669220
-17.046656 -0.046143 19.669220
-15.735375 -0.043486 19.669220
-14.424094 -0.226292 19.669220
-13.112813 -0.900007 19.669220
-11.801531 -0.681087 19.669220
-10.490251 -1.324375 19.669220
-9.178969 -0.952424 19.669220
-7.867688 -0.532378 19.669220
-6.556406 -2.349492 19.669220
-5.245125 -2.349492 19.669220
-3.933844 -2.349492 19.669220
-2.622563 -2.349492 19.669220
-1.311281 -1.141532 19.669220
0.000000 -0.944089 19.669220
1.311281 -0.734390 19.669220
2.622563 -0.074351 19.669220
3.933844 -0.214400 19.669220
5.245125 0.000000 19.669220
6.556406 0.000000 19.669220
7.867688 0.000000 19.669220
9.178969 0.000000 19.669220
10.490251 0.000000 19.669220
11.801531 0.000000 19.669220
13.112813 0.000000 19.669220
14.424094 0.000000 19.669220
15.735375 0.000000 19.669220
17.046656 0.000000 19.669220
18.357939 0.000000 19.669220
19.669220 0.000000 19.669220
20.980501 0.000000 19.669220
-20.980501 0.000000 20.980501
-19.669220 0.000000 20.980501
-18.357939 0.000000 20.980501
-17.046656 0.000000 20.980501
-15.735375 -0.206854 20.980501
-14.424094 -0.200495 20.980501
-13.112813 -0.193220 20.980501
-11.801531 -0.933466 20.980501
-10.490251 -0.040590 20.980501
-9.178969 -0.145898 20.980501
-7.867688 -0.543385 20.980501
-6.556406 -2.349492 20.980501
-5.245125 -2.349492 20.980501
-3.933844 -2.349492 20.980501
-2.622563 -2.349492 20.980501
-1.311281 -1.491251 20.980501
0.000000 -0.223225 20.980501
1.311281 -0.282668 20.980501
2.622563 -0.548724 20.980501
3.933844 -0.261000 20.980501
5.245125 0.000000 20.980501
6.556406 0.000000 20.980501
7.867688 0.000000 20.980501
9.178969 0.000000 20.980501
10.490251 0.000000 20.980501
11.801531 0.000000 20.980501
13.112813 0.000000 20.980501
14.424094 0.000000 20.980501
15.735375 0.000000 20.980501
17.046656 0.000000 20.980501
18.357939 0.000000 20.980501
19.669220 0.000000 20.980501
20.980501 0.000000 20.980501